1.00 1.00 1.00 1.00 1.00 1.00 1.00 1.00 1.00 1.00 1.00 1.00 1.00 1.00 1.00 1.00 1.00 1.00 1.00 1.00
1.00 0.04 0.04 0.04 0.04 0.04 1.00 0.10 0.10 0.00 0.00 0.00 0.00 0.00 0.00 0.00 0.04 0.00 0.20 1.00
1.00 0.04 0.04 0.04 0.04 0.04 1.00 0.10 0.10 0.00 0.80 0.00 0.00 0.00 0.80 0.00 0.00 0.00 0.00 1.00
1.00 0.80 0.80 0.00 0.00 0.00 1.00 0.10 0.10 0.00 0.00 0.00 0.00 0.04 0.00 0.00 0.00 0.00 0.00 1.00
1.00 0.80 0.80 0.00 0.00 0.00 1.00 0.00 0.00 0.00 0.00 0.00 0.00 0.00 0.00 0.00 0.00 0.00 0.00 1.00
1.00 0.80 0.80 0.00 0.04 0.00 1.00 0.00 0.00 0.00 0.00 0.00 1.00 0.20 0.20 0.00 0.00 0.00 0.80 1.00
1.00 0.80 0.80 0.00 0.00 0.00 1.00 0.00 0.00 0.00 0.04 0.00 1.00 0.20 0.20 0.00 0.04 0.00 0.00 1.00
1.00 0.80 0.80 0.00 0.04 0.04 0.80 0.04 0.04 0.00 0.00 0.00 1.00 0.20 0.20 0.00 0.00 0.00 0.00 1.00
1.00 0.80 0.80 0.00 0.04 0.04 0.80 0.04 0.04 0.00 0.80 0.00 1.00 0.20 0.20 0.00 0.00 0.80 0.00 1.00
1.00 0.80 0.80 0.00 0.04 0.04 0.04 0.04 0.04 0.00 0.00 0.00 1.00 1.00 1.00 1.00 1.00 1.00 1.00 1.00
1.00 0.80 0.80 0.00 0.04 0.04 0.04 0.04 0.04 0.00 0.04 0.04 1.00 0.00 0.00 0.04 0.04 0.00 0.00 1.00
1.00 0.80 0.80 0.00 0.04 0.04 0.04 0.04 0.04 0.04 0.00 0.00 1.00 0.00 0.00 0.04 0.04 0.00 0.00 1.00
1.00 0.00 0.00 0.04 0.04 0.04 0.80 0.04 0.04 0.00 0.00 0.00 1.00 0.00 0.00 0.04 0.04 0.00 0.00 1.00
1.00 0.04 0.04 0.00 0.00 0.00 1.00 0.00 0.00 0.80 0.00 0.00 1.00 0.00 0.00 0.04 0.04 0.00 0.80 1.00
1.00 0.04 0.00 0.00 0.00 0.00 1.00 0.00 0.00 0.00 0.00 0.00 0.00 0.00 0.00 0.04 0.04 0.00 0.00 1.00
1.00 0.00 0.00 0.20 0.20 0.20 1.00 0.00 0.00 0.00 0.00 0.04 0.00 0.04 0.00 0.04 0.04 0.00 0.00 1.00
1.00 0.80 0.00 0.20 0.20 0.20 1.00 0.10 0.10 0.10 0.10 0.10 0.10 0.00 0.00 0.04 0.04 0.00 0.00 1.00
1.00 0.04 0.00 0.20 0.20 0.20 1.00 0.10 0.10 0.10 0.10 0.10 0.10 0.00 0.00 0.04 0.04 0.00 0.00 1.00
1.00 0.00 0.00 0.20 0.20 0.20 1.00 0.10 0.10 0.10 0.10 0.10 0.10 0.00 0.00 0.04 0.04 0.00 0.00 1.00
1.00 1.00 1.00 1.00 1.00 1.00 1.00 1.00 1.00 1.00 1.00 1.00 1.00 1.00 1.00 1.00 1.00 1.00 1.00 1.00
